Two-Stage VAR-ST 评估报告
生成时间: 2025-06-04 02:33:41
Stage 1 检查点: logs/PRAD/TWO_STAGE_VAR_ST/stage1-best-epoch=epoch=143-val_mse=val_mse=0.5353.ckpt
Stage 2 检查点: logs/PRAD/TWO_STAGE_VAR_ST/stage2-best-epoch=epoch=03-val_acc=val_accuracy=0.8263.ckpt

评估指标:
  MSE: 3.354918
  MAE: 1.492835
  RMSE: 1.831644
  PCC-Mean: 0.231876
  PCC-10: 0.355412
  PCC-50: 0.332240
  PCC-200: 0.231876
  RVD: 0.429896
  R2: -0.430875
