Two-Stage VAR-ST 评估报告
生成时间: 2025-06-04 02:10:00
Stage 1 检查点: logs/PRAD/TWO_STAGE_VAR_ST/stage1-best-epoch=epoch=143-val_mse=val_mse=0.5353.ckpt
Stage 2 检查点: logs/PRAD/TWO_STAGE_VAR_ST/stage2-best-epoch=epoch=03-val_acc=val_accuracy=0.8263.ckpt

评估指标:
  MSE: 51.598690
  MAE: 6.579444
  RMSE: 7.183223
  PCC-Mean: 0.202458
  PCC-10: 0.474593
  PCC-50: 0.398982
  PCC-200: 0.202458
  RVD: 11.354026
  R2: -22.553879
